WARNING:tensorflow:From tf_mnist_cnn.py:121: load_dataset (from tensorflow.contrib.learn.python.learn.datasets) is deprecated and will be removed in a future version.
Instructions for updating:
Please use tf.data.
WARNING:tensorflow:From /home/kpark8/CSC510/python_project/local/lib/python2.7/site-packages/tensorflow/contrib/learn/python/learn/datasets/__init__.py:80: load_mnist (from tensorflow.contrib.learn.python.learn.datasets.mnist) is deprecated and will be removed in a future version.
Instructions for updating:
Please use alternatives such as official/mnist/dataset.py from tensorflow/models.
WARNING:tensorflow:From /home/kpark8/CSC510/python_project/local/lib/python2.7/site-packages/tensorflow/contrib/learn/python/learn/datasets/mnist.py:300: read_data_sets (from tensorflow.contrib.learn.python.learn.datasets.mnist) is deprecated and will be removed in a future version.
Instructions for updating:
Please use alternatives such as official/mnist/dataset.py from tensorflow/models.
WARNING:tensorflow:From /home/kpark8/CSC510/python_project/local/lib/python2.7/site-packages/tensorflow/contrib/learn/python/learn/datasets/mnist.py:260: maybe_download (from tensorflow.contrib.learn.python.learn.datasets.base) is deprecated and will be removed in a future version.
Instructions for updating:
Please write your own downloading logic.
WARNING:tensorflow:From /home/kpark8/CSC510/python_project/local/lib/python2.7/site-packages/tensorflow/contrib/learn/python/learn/datasets/mnist.py:262: extract_images (from tensorflow.contrib.learn.python.learn.datasets.mnist) is deprecated and will be removed in a future version.
Instructions for updating:
Please use tf.data to implement this functionality.
WARNING:tensorflow:From /home/kpark8/CSC510/python_project/local/lib/python2.7/site-packages/tensorflow/contrib/learn/python/learn/datasets/mnist.py:267: extract_labels (from tensorflow.contrib.learn.python.learn.datasets.mnist) is deprecated and will be removed in a future version.
Instructions for updating:
Please use tf.data to implement this functionality.
WARNING:tensorflow:From /home/kpark8/CSC510/python_project/local/lib/python2.7/site-packages/tensorflow/contrib/learn/python/learn/datasets/mnist.py:290: __init__ (from tensorflow.contrib.learn.python.learn.datasets.mnist) is deprecated and will be removed in a future version.
Instructions for updating:
Please use alternatives such as official/mnist/dataset.py from tensorflow/models.
INFO:tensorflow:Using default config.
INFO:tensorflow:Using config: {'_save_checkpoints_secs': 600, '_num_ps_replicas': 0, '_keep_checkpoint_max': 5, '_task_type': 'worker', '_global_id_in_cluster': 0, '_is_chief': True, '_cluster_spec': <tensorflow.python.training.server_lib.ClusterSpec object at 0x7f8af707e0d0>, '_model_dir': '/tmp/mnist_convnet_model', '_protocol': None, '_save_checkpoints_steps': None, '_keep_checkpoint_every_n_hours': 10000, '_service': None, '_session_config': allow_soft_placement: true
graph_options {
  rewrite_options {
    meta_optimizer_iterations: ONE
  }
}
, '_tf_random_seed': None, '_save_summary_steps': 100, '_device_fn': None, '_experimental_distribute': None, '_num_worker_replicas': 1, '_task_id': 0, '_log_step_count_steps': 100, '_evaluation_master': '', '_eval_distribute': None, '_train_distribute': None, '_master': ''}
WARNING:tensorflow:From /home/kpark8/CSC510/python_project/local/lib/python2.7/site-packages/tensorflow/python/estimator/inputs/queues/feeding_queue_runner.py:62: __init__ (from tensorflow.python.training.queue_runner_impl) is deprecated and will be removed in a future version.
Instructions for updating:
To construct input pipelines, use the `tf.data` module.
WARNING:tensorflow:From /home/kpark8/CSC510/python_project/local/lib/python2.7/site-packages/tensorflow/python/estimator/inputs/queues/feeding_functions.py:500: add_queue_runner (from tensorflow.python.training.queue_runner_impl) is deprecated and will be removed in a future version.
Instructions for updating:
To construct input pipelines, use the `tf.data` module.
INFO:tensorflow:Calling model_fn.
INFO:tensorflow:Done calling model_fn.
INFO:tensorflow:Create CheckpointSaverHook.
INFO:tensorflow:Graph was finalized.
2018-11-27 17:21:08.292972: I tensorflow/core/platform/cpu_feature_guard.cc:141] Your CPU supports instructions that this TensorFlow binary was not compiled to use: AVX2 FMA
INFO:tensorflow:Restoring parameters from /tmp/mnist_convnet_model/model.ckpt-9900
INFO:tensorflow:Running local_init_op.
INFO:tensorflow:Done running local_init_op.
WARNING:tensorflow:From /home/kpark8/CSC510/python_project/local/lib/python2.7/site-packages/tensorflow/python/training/monitored_session.py:804: start_queue_runners (from tensorflow.python.training.queue_runner_impl) is deprecated and will be removed in a future version.
Instructions for updating:
To construct input pipelines, use the `tf.data` module.
INFO:tensorflow:Saving checkpoints for 9900 into /tmp/mnist_convnet_model/model.ckpt.
INFO:tensorflow:probabilities = [[0.00036045 0.00000492 0.00146271 0.00004044 0.00084562 0.00157944
  0.9918337  0.00000649 0.00266474 0.0012015 ]
 [0.00725931 0.01964806 0.00054935 0.00020512 0.00122588 0.0012553
  0.06266759 0.00057185 0.9046425  0.00197503]
 [0.0004052  0.91805947 0.00782574 0.02340132 0.00740168 0.0091803
  0.00348797 0.01066648 0.01796277 0.00160902]
 [0.00766653 0.00027606 0.02525639 0.00013809 0.6717728  0.00964514
  0.27655834 0.00000237 0.00867655 0.00000775]
 [0.00002168 0.00006566 0.00031138 0.02747772 0.01646119 0.00163542
  0.00001447 0.90876305 0.04063632 0.00461316]
 [0.04414489 0.00000253 0.939459   0.00016059 0.00000187 0.00492894
  0.00007166 0.00001177 0.01118803 0.00003066]
 [0.00078933 0.02275664 0.05428351 0.7132282  0.00215398 0.05750188
  0.00168758 0.0084706  0.13636316 0.00276505]
 [0.99966276 0.00000001 0.00000407 0.00000001 0.         0.00033229
  0.00000014 0.00000009 0.00000005 0.00000063]
 [0.28230104 0.0000297  0.00073542 0.00236412 0.00044299 0.01876929
  0.5716288  0.00000258 0.12366898 0.00005717]
 [0.00001991 0.00006856 0.00170911 0.99803656 0.00000135 0.00007441
  0.00000136 0.00000265 0.00008441 0.00000171]
 [0.00026321 0.00000956 0.00010052 0.00014907 0.0000286  0.98454523
  0.00218913 0.00000968 0.0127001  0.00000487]
 [0.99965477 0.00000001 0.00018523 0.00000953 0.         0.00000871
  0.00000035 0.00000573 0.00000962 0.00012612]
 [0.9999231  0.         0.00000925 0.00000019 0.         0.00006617
  0.00000013 0.00000003 0.00000102 0.00000002]
 [0.00199566 0.00021981 0.00031381 0.00045358 0.00001365 0.00028307
  0.00109505 0.00000329 0.9955878  0.00003432]
 [0.00008649 0.00001173 0.00045647 0.00001047 0.9902593  0.00008123
  0.00071803 0.00038904 0.00037465 0.00761256]
 [0.0000202  0.0000002  0.00000027 0.00017399 0.00004513 0.9991536
  0.00000265 0.0000122  0.00044075 0.00015101]
 [0.00000182 0.00001195 0.00016445 0.99957603 0.00000001 0.00007559
  0.00000002 0.00000447 0.00015559 0.00000994]
 [0.001365   0.00000755 0.99780995 0.00026152 0.00000167 0.00003108
  0.00002457 0.00000946 0.00046732 0.00002177]
 [0.00114305 0.00000056 0.00009999 0.00000063 0.00004869 0.00010815
  0.9985753  0.00000003 0.00002271 0.00000084]
 [0.00559756 0.00002269 0.2073296  0.78665227 0.00000022 0.00017054
  0.00012242 0.00005788 0.00003257 0.00001423]
 [0.00074283 0.00005421 0.00004468 0.00429269 0.01462486 0.9750006
  0.00012557 0.00046703 0.00130049 0.00334708]
 [0.00139599 0.06328234 0.0012798  0.07200509 0.0220129  0.7616791
  0.06098203 0.00049522 0.01015951 0.00670809]
 [0.00012765 0.00291321 0.00054187 0.8733525  0.00437503 0.0801392
  0.00015782 0.00022851 0.00225287 0.03591127]
 [0.00005237 0.00033144 0.9972349  0.0005453  0.00004161 0.00000819
  0.00170221 0.0000007  0.00007967 0.00000359]
 [0.01107126 0.00009155 0.00079176 0.00722735 0.0000004  0.9743731
  0.00541357 0.00000058 0.00102929 0.00000113]
 [0.00000039 0.0001025  0.00006505 0.00007419 0.96227926 0.00006365
  0.00276095 0.00000279 0.00014188 0.03450933]
 [0.00000294 0.00053681 0.00038142 0.01004099 0.08392346 0.0094019
  0.00038487 0.00006429 0.03929108 0.8559723 ]
 [0.00001032 0.9729339  0.00168484 0.00613001 0.00068046 0.00146771
  0.00061666 0.00068917 0.01491754 0.00086934]
 [0.00008561 0.00000461 0.00001267 0.00052997 0.00001584 0.9981718
  0.00008941 0.0000043  0.0010786  0.00000724]
 [0.0005634  0.00110027 0.00051083 0.989711   0.00000169 0.00411735
  0.00000045 0.00330691 0.00007429 0.00061376]
 [0.00000118 0.00002039 0.00025458 0.00057179 0.00000016 0.00000639
  0.         0.9987431  0.0001869  0.00021545]
 [0.0000192  0.00002716 0.00009969 0.02294148 0.03524247 0.00030335
  0.00000521 0.000398   0.00196823 0.93899524]
 [0.00266367 0.82774794 0.00722709 0.00594068 0.00423564 0.00663701
  0.02294182 0.00359315 0.11631215 0.00270083]
 [0.00000001 0.00000126 0.0000001  0.00000863 0.         0.00000035
  0.         0.99998057 0.00000031 0.00000874]
 [0.00094977 0.00000922 0.00001684 0.00000054 0.00000265 0.91002136
  0.08740513 0.00000008 0.00159431 0.00000003]
 [0.00001419 0.00014204 0.00000464 0.00472564 0.7921556  0.01319199
  0.00007552 0.0022854  0.00126157 0.18614344]
 [0.00001219 0.00002019 0.9982809  0.0012688  0.0000018  0.00000498
  0.00001956 0.00011342 0.00001603 0.00026226]
 [0.01343873 0.00000014 0.00005014 0.00000286 0.         0.95307505
  0.00000016 0.00000002 0.03343283 0.00000021]
 [0.00071305 0.00002128 0.01845259 0.00005366 0.9520619  0.00012792
  0.00242241 0.00061728 0.00107396 0.02445598]
 [0.43475142 0.00016944 0.19464204 0.01506739 0.00000004 0.00952063
  0.00012541 0.01094603 0.33446065 0.00031698]
 [0.00014751 0.00012412 0.9945102  0.00295425 0.00000126 0.00000875
  0.00002245 0.00000806 0.00222083 0.00000253]
 [0.00001163 0.00000894 0.00001776 0.00099852 0.00147471 0.00008246
  0.00000401 0.02851304 0.00386312 0.9650258 ]
 [0.00003628 0.00000032 0.00001572 0.00033765 0.00000016 0.999151
  0.00000852 0.00000012 0.00044971 0.00000054]
 [0.04532411 0.00025324 0.6768883  0.06647183 0.00000403 0.00011165
  0.00000982 0.18288337 0.02636817 0.00168555]
 [0.00000071 0.0000479  0.00162707 0.9957129  0.00000099 0.00012492
  0.00000015 0.00230363 0.00017182 0.00000997]
 [0.00001142 0.00000118 0.9940435  0.00004635 0.00550429 0.00000514
  0.00013223 0.00000376 0.00000853 0.00024364]
 [0.00025323 0.0001586  0.0032793  0.9162872  0.00002225 0.05099972
  0.00006125 0.00000179 0.0289179  0.00001882]
 [0.00033629 0.00009102 0.0011383  0.9978873  0.00000141 0.00036458
  0.00000683 0.00001492 0.00014251 0.00001691]
 [0.0083627  0.00008239 0.00084734 0.00103961 0.00121049 0.00370055
  0.03246281 0.0006552  0.9475959  0.00404302]
 [0.00085026 0.0000023  0.00002926 0.00001099 0.00001063 0.00006134
  0.00006038 0.00001017 0.9987754  0.00018922]
 [0.00106295 0.01085441 0.05138454 0.00040721 0.00122303 0.03886542
  0.89035106 0.00000622 0.00573209 0.00011303]
 [0.000057   0.0003319  0.01086858 0.59507614 0.00000078 0.00260978
  0.00000052 0.00018162 0.39055347 0.00032023]
 [0.00118839 0.00004385 0.00253232 0.00010077 0.0005046  0.00370122
  0.99091    0.00001377 0.00094355 0.00006143]
 [0.00002171 0.9923052  0.00323102 0.00017464 0.00004964 0.00015264
  0.00206331 0.00010057 0.00183272 0.00006841]
 [0.00014492 0.967092   0.00072002 0.00229215 0.00747224 0.00570099
  0.00156808 0.00034113 0.01379069 0.00087778]
 [0.00000207 0.00001509 0.00002791 0.00578746 0.00000052 0.00003529
  0.         0.99361646 0.00002613 0.00048902]
 [0.00000027 0.00000005 0.0000001  0.0000166  0.00000026 0.00000054
  0.         0.999887   0.00000033 0.00009487]
 [0.0000173  0.00024816 0.01624005 0.00556324 0.00004566 0.00008074
  0.00004809 0.00028708 0.97724265 0.00022702]
 [0.0002068  0.00027788 0.00008103 0.00001121 0.00009068 0.9936527
  0.00227361 0.00001651 0.00337739 0.00001214]
 [0.00160079 0.00309484 0.9638568  0.0159448  0.00000086 0.00040987
  0.0148562  0.0000001  0.00023579 0.00000002]
 [0.00000254 0.00000011 0.00000156 0.00000603 0.94863474 0.00001045
  0.00000208 0.0008559  0.00001005 0.05047669]
 [0.00013188 0.00001666 0.0043506  0.00011594 0.00011009 0.00220675
  0.00003186 0.00004572 0.98034644 0.01264398]
 [0.10236003 0.00000097 0.0000497  0.01315464 0.00014768 0.58504987
  0.00002669 0.00099863 0.0362402  0.2619716 ]
 [0.00017724 0.00000081 0.00001082 0.00000077 0.00000977 0.00000119
  0.99976057 0.         0.00003862 0.00000022]
 [0.99956185 0.00000003 0.00001738 0.00001895 0.00000031 0.00038445
  0.00000971 0.00000233 0.00000459 0.00000038]
 [0.0000336  0.00006623 0.00006242 0.00000257 0.00074771 0.00008187
  0.99857306 0.00000005 0.00038768 0.00004488]
 [0.00012278 0.00071798 0.00628071 0.4041928  0.01031134 0.53641427
  0.00525649 0.00112356 0.03437224 0.00120778]
 [0.00000238 0.00166039 0.00070401 0.00309444 0.00027009 0.00007851
  0.00000105 0.9934964  0.00037649 0.00031628]
 [0.00000915 0.00000238 0.00010931 0.00005926 0.00447362 0.00013262
  0.00000698 0.00709689 0.00019506 0.9879148 ]
 [0.00084726 0.00251049 0.04905895 0.65231    0.00002407 0.00110909
  0.00009146 0.00026126 0.29327115 0.00051622]
 [0.99701834 0.00000001 0.00288688 0.00002613 0.         0.00006694
  0.00000065 0.00000024 0.00000041 0.00000041]
 [0.00032089 0.00257694 0.9790507  0.00225536 0.00001809 0.00014031
  0.00235619 0.00005268 0.01322334 0.00000566]
 [0.00344287 0.00010269 0.0001673  0.00217045 0.02364998 0.00183324
  0.00048956 0.0182479  0.01458148 0.9353145 ]
 [0.00122923 0.00000514 0.00001454 0.00007484 0.00457469 0.9860941
  0.00139558 0.00094155 0.00231158 0.00335872]
 [0.00192436 0.0019621  0.01222879 0.63545734 0.00019397 0.3234819
  0.00112655 0.00081593 0.02199426 0.00081483]
 [0.00222816 0.0000013  0.00001437 0.00004149 0.00073918 0.00129463
  0.00247756 0.00001765 0.99109405 0.00209162]
 [0.00000104 0.0000005  0.0000799  0.00013228 0.00003187 0.00003691
  0.00000255 0.00000052 0.9996973  0.00001718]
 [0.00002067 0.0006458  0.00059633 0.01214982 0.09373137 0.00130168
  0.00009288 0.01618655 0.02305472 0.8522202 ]
 [0.00000002 0.00000002 0.99811184 0.00188259 0.         0.00000008
  0.         0.00000551 0.00000002 0.        ]
 [0.00028168 0.01590216 0.00243242 0.7938356  0.00048543 0.17900257
  0.00104156 0.00146149 0.00494185 0.0006154 ]
 [0.00001496 0.00000305 0.9966466  0.00183442 0.00000035 0.00001942
  0.00002133 0.0011717  0.000284   0.00000412]
 [0.00004668 0.00852532 0.02333172 0.00018843 0.00820304 0.00045719
  0.95484203 0.00004586 0.00416094 0.00019867]
 [0.00001421 0.00014369 0.00007956 0.00184898 0.81276464 0.00040551
  0.00006006 0.03613948 0.00180824 0.14673561]
 [0.00213398 0.00007842 0.00095489 0.00003355 0.0003109  0.0002267
  0.9941612  0.00000259 0.00208578 0.00001196]
 [0.0001991  0.8461265  0.00022201 0.00237114 0.00228755 0.00006504
  0.00006446 0.0219614  0.04379742 0.08290537]
 [0.00002366 0.00000792 0.00000215 0.00010726 0.03231193 0.00146904
  0.00000073 0.00095153 0.00035194 0.96477383]
 [0.0032328  0.00389061 0.00955465 0.00778764 0.02703684 0.0019833
  0.00083539 0.21397713 0.00509361 0.726608  ]
 [0.0000201  0.00005732 0.00084734 0.01458816 0.1628563  0.00570747
  0.00068948 0.0001514  0.8037287  0.01135372]
 [0.99953556 0.         0.00000774 0.00000005 0.00000005 0.00040179
  0.00005208 0.         0.00000276 0.        ]
 [0.00000105 0.00000174 0.00088466 0.00002773 0.973431   0.00000032
  0.00000163 0.00003475 0.00000299 0.02561414]
 [0.00000018 0.00009528 0.00000322 0.00409993 0.72710454 0.00003196
  0.00000017 0.14574051 0.00117648 0.1217477 ]
 [0.00000015 0.0000023  0.00000058 0.00000219 0.99968255 0.00001052
  0.00000964 0.00000748 0.00004147 0.00024308]
 [0.7245145  0.00308399 0.00190082 0.00378991 0.00020548 0.16910848
  0.00345402 0.00532787 0.08776494 0.00084996]
 [0.00003416 0.00000021 0.00134164 0.00000515 0.98942494 0.00288711
  0.00388923 0.0000022  0.00199069 0.00042453]
 [0.05851335 0.00000075 0.14574894 0.7927997  0.         0.00287796
  0.00002916 0.00001201 0.00001771 0.00000032]
 [0.00001133 0.00000001 0.00015961 0.9989976  0.         0.0003687
  0.00000155 0.         0.00046119 0.00000007]
 [0.00129792 0.00770126 0.03190957 0.00385297 0.01815521 0.009788
  0.912654   0.00005609 0.01364578 0.00093928]
 [0.00001895 0.00006426 0.00026243 0.9683876  0.0000456  0.03007025
  0.00000788 0.00007387 0.0009682  0.00010086]
 [0.00092143 0.00104738 0.0055519  0.93215775 0.00002005 0.05662995
  0.0027255  0.00005499 0.00083577 0.00005524]
 [0.00000037 0.00000018 0.00000223 0.00002275 0.9952112  0.00001419
  0.00000132 0.00005966 0.0002117  0.00447643]]
INFO:tensorflow:loss = 0.15919912, step = 9900
WARNING:tensorflow:It seems that global step (tf.train.get_global_step) has not been increased. Current value (could be stable): 9900 vs previous value: 9900. You could increase the global step by passing tf.train.get_global_step() to Optimizer.apply_gradients or Optimizer.minimize.
WARNING:tensorflow:It seems that global step (tf.train.get_global_step) has not been increased. Current value (could be stable): 9900 vs previous value: 9900. You could increase the global step by passing tf.train.get_global_step() to Optimizer.apply_gradients or Optimizer.minimize.
INFO:tensorflow:probabilities = [[0.00025443 0.00054654 0.00086872 0.0008185  0.00013488 0.00057776
  0.00000286 0.9760634  0.00164375 0.01908927]
 [0.00023985 0.00000001 0.00021213 0.00001203 0.00000226 0.00339475
  0.00012955 0.00000037 0.9959394  0.00006965]
 [0.00002529 0.00000076 0.00012059 0.00000007 0.00028522 0.00003141
  0.99952245 0.00000113 0.00000747 0.00000558]
 [0.00004868 0.00000037 0.00085546 0.0000032  0.00000011 0.00012787
  0.00007736 0.00000235 0.99888057 0.00000403]
 [0.77914447 0.00000225 0.00128501 0.03981972 0.00000024 0.17783459
  0.00001227 0.00028289 0.00158602 0.00003255]
 [0.00000745 0.000006   0.00000619 0.0009293  0.00077428 0.0018425
  0.00000055 0.01709921 0.00038139 0.9789531 ]
 [0.00282883 0.0000004  0.00058895 0.00006416 0.00199809 0.00005462
  0.00001032 0.04297886 0.00022248 0.9512533 ]
 [0.0000007  0.0000021  0.00000969 0.9990877  0.00000033 0.0003738
  0.00000015 0.00000063 0.00042244 0.00010251]
 [0.00520371 0.8400494  0.04035085 0.00747011 0.00892508 0.00172751
  0.00646119 0.04135213 0.03744555 0.0110144 ]
 [0.99952054 0.         0.00000269 0.00000035 0.         0.00047302
  0.00000294 0.         0.00000042 0.        ]
 [0.00112554 0.0000333  0.02680434 0.00002114 0.00002332 0.00370138
  0.04313246 0.00001071 0.92502964 0.00011817]
 [0.00004163 0.02712657 0.00162537 0.9225065  0.00222102 0.02221787
  0.00003874 0.00910984 0.01021771 0.00489478]
 [0.00193459 0.00002387 0.00028418 0.00004483 0.0072912  0.9818201
  0.00213531 0.00137699 0.00414382 0.00094503]
 [0.9987827  0.00000015 0.00065857 0.00006946 0.00000027 0.00043165
  0.00003189 0.00000016 0.00000468 0.00002059]
 [0.00000299 0.00000001 0.00000004 0.00000659 0.00059652 0.00001856
  0.00000004 0.00274248 0.00139722 0.9952355 ]
 [0.00132842 0.0000003  0.00000093 0.00002599 0.00005592 0.00006639
  0.00000017 0.98081    0.00000057 0.01771137]
 [0.00005398 0.00036371 0.9650043  0.00073798 0.00002706 0.00016992
  0.00011256 0.01219022 0.02115503 0.0001852 ]
 [0.00039812 0.00110728 0.00047185 0.00333675 0.05131618 0.0007083
  0.000187   0.07298983 0.00759631 0.8618883 ]
 [0.00028443 0.9776595  0.00013514 0.00178407 0.00031281 0.00046118
  0.00215613 0.00127273 0.01498098 0.00095313]
 [0.13120863 0.00012559 0.00271633 0.00022882 0.00796219 0.00117565
  0.0020468  0.10608065 0.00446391 0.7439915 ]
 [0.0000317  0.00005289 0.00008358 0.00228127 0.00357315 0.928898
  0.00093607 0.00000442 0.06240648 0.00173255]
 [0.00157622 0.00003567 0.00088015 0.00008417 0.00162301 0.01467232
  0.977767   0.00000526 0.00300943 0.00034692]
 [0.00000446 0.0000548  0.00069678 0.98467886 0.00008816 0.00074313
  0.00000107 0.0006103  0.01157286 0.00154962]
 [0.00074468 0.96434414 0.00233216 0.00077184 0.00129418 0.000229
  0.00677517 0.00110517 0.02211697 0.00028664]
 [0.01011486 0.00007573 0.00002594 0.00062764 0.00002237 0.97634786
  0.0002303  0.00006742 0.01234104 0.00014678]
 [0.00004745 0.9878725  0.00017528 0.00152444 0.00030824 0.00021068
  0.00017966 0.00378306 0.0041237  0.00177509]
 [0.00000269 0.00003426 0.00013758 0.00000056 0.0014368  0.00003586
  0.9983512  0.00000004 0.00000082 0.00000027]
 [0.00000006 0.00000008 0.00000016 0.00002073 0.00000001 0.00000381
  0.         0.9999392  0.00000073 0.00003517]
 [0.000039   0.9934856  0.00110629 0.00019638 0.00131372 0.00001283
  0.00049499 0.00116422 0.00209152 0.00009555]
 [0.00007989 0.0000081  0.00253891 0.99530727 0.00000002 0.00047223
  0.00000142 0.00000224 0.00158674 0.00000322]
 [0.00000304 0.9961972  0.00009618 0.00068304 0.00038041 0.0000139
  0.0005846  0.0001947  0.00108559 0.00076137]
 [0.00049372 0.0214097  0.38161275 0.02566874 0.39234465 0.00444733
  0.14569658 0.00036495 0.02676023 0.00120143]
 [0.00007823 0.00015955 0.00080255 0.00010091 0.9560845  0.00029769
  0.0072987  0.00011834 0.00024826 0.03481137]
 [0.00010091 0.9795411  0.00318221 0.00422792 0.00037476 0.00020829
  0.00147789 0.000476   0.01027208 0.00013887]
 [0.00000496 0.00013278 0.00044815 0.93358463 0.00000568 0.01871763
  0.00000051 0.02694933 0.01921553 0.00094075]
 [0.00653728 0.00235777 0.00032853 0.02321785 0.00794462 0.00776567
  0.00014954 0.4031913  0.00266754 0.54583997]
 [0.00000079 0.00000004 0.00001813 0.9995759  0.00000004 0.00032886
  0.         0.00004755 0.00002408 0.00000463]
 [0.00004636 0.00000027 0.00010589 0.00000388 0.00000103 0.00031711
  0.9993754  0.         0.00015003 0.00000002]
 [0.00215294 0.01614846 0.24996449 0.05936109 0.00006495 0.00068334
  0.0006649  0.00052677 0.66944546 0.00098765]
 [0.9993205  0.         0.0000016  0.00000003 0.         0.00067317
  0.00000266 0.00000002 0.000002   0.00000005]
 [0.00000239 0.00026851 0.9964018  0.00112086 0.00076506 0.00001127
  0.0000697  0.00002144 0.0013286  0.00001043]
 [0.01611161 0.00073477 0.01605171 0.706741   0.00000048 0.25891715
  0.00124927 0.00009925 0.00009114 0.00000374]
 [0.00043116 0.00071954 0.01645025 0.14179914 0.00489551 0.00921436
  0.00010466 0.13031076 0.44294557 0.253129  ]
 [0.00000346 0.00000014 0.00004203 0.9974807  0.00001531 0.00122725
  0.00000009 0.00000025 0.00106    0.00017079]
 [0.00000025 0.00000002 0.00000023 0.00000205 0.00000055 0.0000007
  0.         0.99903154 0.00000133 0.00096333]
 [0.00024489 0.9948074  0.00118636 0.00052997 0.00039535 0.00016824
  0.00012895 0.00159809 0.00091704 0.00002359]
 [0.00009309 0.00002014 0.00069074 0.00001259 0.00032427 0.00008649
  0.998741   0.00000331 0.00002248 0.000006  ]
 [0.00000057 0.00000162 0.00000548 0.0001569  0.00000028 0.00023287
  0.         0.9993742  0.00000109 0.00022707]
 [0.00017611 0.00001244 0.00006935 0.00000446 0.00006589 0.01238382
  0.98679084 0.00000016 0.00047908 0.00001781]
 [0.00245914 0.00000609 0.00000134 0.00000569 0.00383379 0.9869091
  0.00599805 0.00000119 0.00078175 0.0000038 ]
 [0.0000004  0.00000095 0.00063584 0.00472598 0.00000037 0.00000065
  0.         0.9945813  0.00000744 0.0000472 ]
 [0.00000007 0.00000027 0.00000065 0.0000039  0.00000034 0.00000312
  0.         0.99939835 0.0000083  0.00058495]
 [0.00038342 0.00247307 0.01692991 0.00367797 0.00003588 0.00261853
  0.00006435 0.00277764 0.9705577  0.00048157]
 [0.00000663 0.00045153 0.00004455 0.00060012 0.03537723 0.00005151
  0.0000043  0.00459034 0.00145692 0.9574169 ]
 [0.00047844 0.00006514 0.00369155 0.00001334 0.18057525 0.00072828
  0.8141633  0.00000937 0.00016807 0.00010729]
 [0.00000066 0.00000026 0.00000023 0.00000665 0.00372677 0.00002654
  0.00000018 0.00083097 0.00004332 0.9953644 ]
 [0.00005053 0.0001081  0.00064516 0.9664699  0.00000804 0.03144842
  0.00000475 0.00004046 0.00119122 0.0000335 ]
 [0.00023404 0.00735628 0.00469936 0.02230747 0.21813263 0.01402421
  0.00190921 0.03017415 0.10437617 0.5967865 ]
 [0.00159673 0.00207469 0.00583215 0.00593208 0.00072609 0.00554729
  0.00071252 0.00036215 0.9588927  0.0183236 ]
 [0.00022668 0.00000012 0.0000574  0.00000003 0.00013203 0.0000381
  0.9994535  0.00000011 0.00009165 0.00000029]
 [0.00012518 0.00018784 0.00035889 0.00210087 0.00103633 0.994165
  0.00069628 0.00006268 0.00115199 0.0001149 ]
 [0.00332847 0.00305167 0.05006849 0.00015372 0.00057444 0.0043088
  0.93657464 0.00000259 0.00193462 0.00000262]
 [0.00056689 0.6006068  0.00495179 0.04029231 0.03118434 0.09495925
  0.00687707 0.03466546 0.16076961 0.02512647]
 [0.00071656 0.00123918 0.0015808  0.00939621 0.04391234 0.00931632
  0.00050924 0.02554419 0.01559354 0.89219165]
 [0.94358677 0.00026886 0.01868481 0.00036483 0.00161609 0.01352324
  0.00709521 0.01299564 0.00020053 0.00166397]
 [0.00002405 0.996845   0.0000393  0.00035444 0.00039068 0.00000671
  0.00109463 0.00012159 0.0010655  0.00005815]
 [0.00000272 0.00009798 0.00000903 0.00187119 0.01526258 0.00049056
  0.0000387  0.01932676 0.00483986 0.95806056]
 [0.0000321  0.00934241 0.00043078 0.00077457 0.94830894 0.00126868
  0.002818   0.00099345 0.00181647 0.03421457]
 [0.97763705 0.0000995  0.00159024 0.00441244 0.00005576 0.00466496
  0.00923614 0.00023524 0.00202306 0.00004556]
 [0.999824   0.         0.00000575 0.00000007 0.         0.0001676
  0.00000134 0.00000001 0.00000108 0.00000008]
 [0.0000087  0.9742398  0.00070874 0.0043101  0.00157575 0.00367433
  0.00097199 0.00165203 0.01248185 0.00037686]
 [0.00000102 0.00000034 0.0000108  0.999884   0.         0.00010034
  0.00000001 0.00000002 0.00000328 0.00000022]
 [0.00009562 0.00009874 0.00009132 0.00113856 0.12561648 0.00081448
  0.00006094 0.02398981 0.01302142 0.8350726 ]
 [0.00001749 0.00009035 0.00012857 0.00132971 0.00333615 0.03719779
  0.00018156 0.01444675 0.94155097 0.0017207 ]
 [0.00001202 0.00002041 0.00092221 0.00007204 0.98864764 0.0002434
  0.00208458 0.00011807 0.00253717 0.00534255]
 [0.00000767 0.00021455 0.00006024 0.00042172 0.98775804 0.00045857
  0.00108309 0.00009555 0.00087474 0.00902585]
 [0.00337642 0.00447845 0.01103047 0.26107776 0.00004755 0.70127374
  0.01739171 0.00012238 0.00108411 0.00011745]
 [0.00004371 0.00002498 0.00537819 0.9807328  0.00002357 0.01191418
  0.00003694 0.00175981 0.00007391 0.00001202]
 [0.00000023 0.00000756 0.0002976  0.99854773 0.00000023 0.00013028
  0.         0.00016102 0.00045054 0.00040469]
 [0.00000096 0.00000001 0.00000045 0.0000005  0.9997551  0.00003455
  0.00015292 0.00001083 0.00000918 0.00003556]
 [0.00000147 0.9988961  0.00007052 0.00021354 0.00009071 0.00001029
  0.00009542 0.00020652 0.00039001 0.00002533]
 [0.00000995 0.00000065 0.00000534 0.0000003  0.99906904 0.00013221
  0.00003983 0.0000059  0.00001302 0.00072371]
 [0.00011271 0.00277957 0.80334115 0.18711974 0.00001131 0.00052753
  0.00004157 0.00343913 0.00221042 0.00041693]
 [0.00044641 0.00008609 0.00048077 0.00001467 0.786822   0.00043682
  0.01317874 0.0000881  0.14484954 0.05359685]
 [0.00035116 0.0005177  0.00278416 0.00202083 0.00004901 0.00090292
  0.00034134 0.00001693 0.9929698  0.00004619]
 [0.00045787 0.00048506 0.00030431 0.01474269 0.15399022 0.02157401
  0.0001097  0.08556081 0.00675791 0.7160174 ]
 [0.00051965 0.03273086 0.01346334 0.00486706 0.723732   0.00850802
  0.00651265 0.01652413 0.06359334 0.12954903]
 [0.9710084  0.00000102 0.00153353 0.00007796 0.00000061 0.02500587
  0.00088506 0.00000493 0.00147615 0.00000658]
 [0.00085353 0.00297769 0.00773733 0.0002199  0.00787763 0.00244644
  0.950485   0.00003839 0.02719229 0.00017175]
 [0.00716855 0.02022675 0.00192949 0.00379631 0.00074601 0.00247286
  0.00287252 0.00185549 0.95542735 0.00350471]
 [0.00000175 0.00000004 0.00061418 0.00000001 0.00003206 0.00019831
  0.99915135 0.         0.00000228 0.00000001]
 [0.00023246 0.00279337 0.00112286 0.00815445 0.10333764 0.00122922
  0.000298   0.01576406 0.00951727 0.8575507 ]
 [0.00022896 0.00001753 0.00089716 0.00193429 0.00641542 0.00098036
  0.00001257 0.0402075  0.00235384 0.9469523 ]
 [0.00004277 0.00001845 0.01339815 0.00070189 0.00000479 0.00242149
  0.00012529 0.00000153 0.983265   0.0000206 ]
 [0.00027651 0.00024614 0.00880335 0.12220768 0.01688905 0.00057278
  0.00012435 0.59793943 0.16275515 0.09018558]
 [0.00358022 0.00060393 0.00078119 0.00431543 0.00008002 0.01929314
  0.00178664 0.00006904 0.9690203  0.00047011]
 [0.00260086 0.00077013 0.00050613 0.0015924  0.00001221 0.00062774
  0.00011397 0.00029783 0.99057335 0.00290534]
 [0.00006102 0.00000984 0.00095309 0.00001777 0.00024882 0.00002264
  0.99791676 0.00000946 0.00074704 0.00001345]
 [0.00287369 0.00025293 0.01838307 0.863313   0.00000002 0.08896839
  0.00000004 0.01029974 0.0158707  0.00003845]
 [0.00000065 0.         0.00000084 0.00000211 0.00000008 0.00000009
  0.         0.9998661  0.00000041 0.00012961]] (3.939 sec)
WARNING:tensorflow:It seems that global step (tf.train.get_global_step) has not been increased. Current value (could be stable): 9900 vs previous value: 9900. You could increase the global step by passing tf.train.get_global_step() to Optimizer.apply_gradients or Optimizer.minimize.
WARNING:tensorflow:It seems that global step (tf.train.get_global_step) has not been increased. Current value (could be stable): 9900 vs previous value: 9900. You could increase the global step by passing tf.train.get_global_step() to Optimizer.apply_gradients or Optimizer.minimize.
WARNING:tensorflow:It seems that global step (tf.train.get_global_step) has not been increased. Current value (could be stable): 9900 vs previous value: 9900. You could increase the global step by passing tf.train.get_global_step() to Optimizer.apply_gradients or Optimizer.minimize.
INFO:tensorflow:probabilities = [[0.00139713 0.00256092 0.00068279 0.00052932 0.00034595 0.00027763
  0.00071522 0.00056234 0.99098396 0.00194474]
 [0.00000024 0.00000017 0.00000058 0.00000033 0.99948347 0.00000015
  0.00000047 0.00000179 0.00000563 0.00050719]
 [0.00000816 0.00000054 0.00221666 0.00036829 0.00006821 0.00000034
  0.00000002 0.9882636  0.00406975 0.00500447]
 [0.00000212 0.00001824 0.00071202 0.9976405  0.00000136 0.00082134
  0.00026957 0.00006323 0.00047115 0.00000043]
 [0.998334   0.00000183 0.00149421 0.00000663 0.00000005 0.00007071
  0.00001694 0.00006845 0.00000617 0.00000106]
 [0.00002832 0.98534817 0.00053819 0.003945   0.00017594 0.00008611
  0.00029894 0.00125362 0.00748425 0.00084136]
 [0.00040187 0.32560372 0.02622657 0.27978688 0.04128478 0.00085513
  0.00155327 0.25524825 0.03540092 0.03363859]
 [0.00000745 0.00000054 0.00002089 0.00005172 0.00000007 0.00002196
  0.00000001 0.99844104 0.00011832 0.00133793]
 [0.00000357 0.00000042 0.00000815 0.000081   0.66684955 0.00001951
  0.00000301 0.00011183 0.00056224 0.33236077]
 [0.00199444 0.00000807 0.00359704 0.79263574 0.00021513 0.01343634
  0.00000321 0.00008302 0.1827197  0.00530727]
 [0.00007068 0.00001003 0.00313133 0.00285056 0.04252819 0.00043342
  0.00000578 0.03448914 0.00644119 0.91003966]
 [0.00002113 0.00000267 0.00038698 0.9993486  0.         0.0001516
  0.00000001 0.00003846 0.00003385 0.00001666]
 [0.00032253 0.00006514 0.0066664  0.00209687 0.85904604 0.00358272
  0.02993382 0.00207401 0.02293634 0.07327606]
 [0.0008155  0.00055691 0.00957105 0.00109389 0.00099163 0.00161021
  0.0063391  0.00007009 0.9782653  0.00068638]
 [0.0000248  0.00001121 0.9621275  0.03706142 0.00001731 0.00001485
  0.00000054 0.00056704 0.00002428 0.00015103]
 [0.0006415  0.9329577  0.00450426 0.01279567 0.0064222  0.00112719
  0.00251738 0.03335094 0.00357861 0.00210457]
 [0.00046619 0.00004053 0.01383643 0.00100229 0.93145096 0.00047545
  0.00136443 0.00285431 0.00043221 0.04807736]
 [0.01558828 0.00001031 0.00433087 0.0044973  0.00015516 0.00568131
  0.00001406 0.01200615 0.89726746 0.06044911]
 [0.00070517 0.00010054 0.00064747 0.00018252 0.0005829  0.00081942
  0.00001912 0.00039227 0.99591774 0.00063288]
 [0.00036358 0.2826352  0.04131117 0.4624221  0.00253837 0.00127264
  0.00008289 0.12332596 0.03502858 0.05101942]
 [0.03162324 0.00060482 0.06911574 0.8550302  0.00007803 0.03627879
  0.00230116 0.00019066 0.00468192 0.00009542]
 [0.003476   0.17610936 0.02521371 0.00254325 0.03831431 0.00623257
  0.7301662  0.00107681 0.01655574 0.0003121 ]
 [0.00014915 0.00017406 0.0155327  0.0004736  0.00820847 0.00804044
  0.94635105 0.00000044 0.02103095 0.00003916]
 [0.00004755 0.00000439 0.00005661 0.0000008  0.00175687 0.00082822
  0.99730253 0.00000001 0.00000298 0.0000001 ]
 [0.00000166 0.000001   0.00000908 0.00036221 0.00001185 0.00002606
  0.         0.9874772  0.00012184 0.01198906]
 [0.9998678  0.00000001 0.00004367 0.00003566 0.00000082 0.00002229
  0.00001534 0.0000001  0.00001282 0.00000144]
 [0.00004642 0.00002711 0.0023065  0.01279945 0.00020606 0.00049325
  0.00003152 0.00002351 0.9830192  0.00104695]
 [0.00000081 0.00000018 0.00000333 0.0000073  0.99870026 0.00002982
  0.00006981 0.00000278 0.00010244 0.00108317]
 [0.99950767 0.0000002  0.00003675 0.00001106 0.00000136 0.00018264
  0.0000085  0.00006071 0.00000126 0.00018987]
 [0.00148692 0.00633424 0.02611418 0.12671022 0.01625102 0.00600773
  0.0013734  0.00847622 0.76705784 0.04018829]
 [0.9987262  0.00000003 0.00038339 0.00009124 0.00000002 0.00069164
  0.00009581 0.00000214 0.00000583 0.00000374]
 [0.00007183 0.00001253 0.00341177 0.97027236 0.00014303 0.02242819
  0.00001567 0.00000024 0.00344882 0.00019555]
 [0.0049232  0.00000982 0.00801697 0.0000839  0.962645   0.00031888
  0.02300242 0.00009578 0.00035244 0.00055163]
 [0.00064046 0.00022191 0.9134761  0.0454644  0.00000789 0.00004015
  0.00002064 0.00029067 0.03974185 0.0000959 ]
 [0.999931   0.         0.00000453 0.00000112 0.00000001 0.00005884
  0.00000053 0.00000035 0.00000333 0.00000026]
 [0.00003532 0.00000163 0.00017604 0.9801333  0.00000011 0.00206839
  0.00000001 0.00000152 0.01655236 0.00103133]
 [0.00021939 0.9340217  0.00719424 0.0064246  0.00219555 0.00017294
  0.00034442 0.03265368 0.01662799 0.00014538]
 [0.00003611 0.00002605 0.00026481 0.00131777 0.47216654 0.00446556
  0.00063898 0.00096191 0.00568147 0.5144408 ]
 [0.00051624 0.00030854 0.00404932 0.01054196 0.00475135 0.21499287
  0.00015039 0.00324843 0.72108    0.04036088]
 [0.0001215  0.00062812 0.02273756 0.06207498 0.00680794 0.75464165
  0.04664608 0.00000726 0.10532899 0.001006  ]
 [0.00000017 0.         0.00000004 0.00000114 0.00000001 0.00000013
  0.         0.99961144 0.00000007 0.00038695]
 [0.00383322 0.00000018 0.00218269 0.00488418 0.00013762 0.00028365
  0.00002873 0.00000003 0.98351663 0.00513306]
 [0.01151477 0.00010247 0.00155817 0.00001217 0.00087125 0.00436707
  0.9812843  0.00000147 0.00028689 0.00000147]
 [0.999987   0.         0.00000064 0.00000003 0.00000002 0.00000739
  0.00000459 0.00000002 0.00000013 0.0000002 ]
 [0.00029814 0.9655408  0.00346235 0.00701366 0.0014781  0.00071327
  0.00226209 0.00517919 0.01242149 0.00163086]
 [0.00020881 0.9715908  0.00182591 0.01297079 0.00162088 0.00057818
  0.00228149 0.00251841 0.00471705 0.00168768]
 [0.00206872 0.00005108 0.00658025 0.00655505 0.00199392 0.11310256
  0.01294265 0.00007246 0.852664   0.00396937]
 [0.00009592 0.00003636 0.00010076 0.000079   0.01285079 0.00052908
  0.0000155  0.01069159 0.00859276 0.9670081 ]
 [0.00185816 0.01896431 0.02680114 0.00486876 0.01225242 0.14379844
  0.11622689 0.00242928 0.66865396 0.00414664]
 [0.00044299 0.00017222 0.9216363  0.00051552 0.06012696 0.00162781
  0.01496857 0.00003619 0.00023642 0.00023696]
 [0.00487904 0.00004795 0.00094677 0.08915427 0.00043655 0.8294643
  0.01223854 0.00000133 0.06068975 0.00214145]
 [0.00006798 0.9810914  0.00219091 0.00047618 0.01124971 0.00003467
  0.00010731 0.00054471 0.00407067 0.00016648]
 [0.00009358 0.9926852  0.00134271 0.00224302 0.00021325 0.00068955
  0.00143486 0.00029611 0.00067145 0.0003302 ]
 [0.00035208 0.03935787 0.03841539 0.00163935 0.00007308 0.00202729
  0.01350983 0.00038412 0.9040599  0.00018107]
 [0.9998497  0.00000003 0.00003337 0.00000486 0.00000021 0.00008875
  0.00001296 0.0000005  0.00000351 0.00000599]
 [0.00000504 0.99723864 0.00006812 0.00069265 0.00002361 0.00012554
  0.00021544 0.00004986 0.00154583 0.00003527]
 [0.9969887  0.00000649 0.00009085 0.00006092 0.0000054  0.00112191
  0.00085899 0.0000097  0.00078248 0.00007462]
 [0.00004209 0.0001215  0.00004491 0.00020451 0.01447404 0.00147112
  0.00004008 0.00975236 0.00714875 0.96670055]
 [0.00115117 0.00010235 0.00059097 0.00030863 0.00004009 0.00572023
  0.99052095 0.00000028 0.00155771 0.00000758]
 [0.00012295 0.00000256 0.00000403 0.00013078 0.21421935 0.00044772
  0.00010767 0.00054643 0.0014986  0.78291994]
 [0.9944877  0.00002222 0.00221684 0.00006931 0.0000011  0.0027359
  0.00018547 0.00000666 0.00007672 0.0001981 ]
 [0.00022292 0.0000203  0.00067915 0.00025909 0.9424385  0.00024472
  0.00063588 0.00049186 0.00203129 0.05297633]
 [0.00030108 0.9948201  0.00046126 0.0007012  0.00047778 0.00012746
  0.00013628 0.00024662 0.00266943 0.00005883]
 [0.00080387 0.00664061 0.05142104 0.00272921 0.12185022 0.0107926
  0.79881364 0.00062328 0.00229067 0.00403482]
 [0.9998853  0.00000027 0.00000517 0.00000075 0.00000034 0.0000384
  0.00000988 0.0000039  0.00000886 0.00004718]
 [0.00045088 0.00087369 0.74875706 0.2397243  0.00000525 0.00105725
  0.00002785 0.00680115 0.00226401 0.00003852]
 [0.00000955 0.00000028 0.00000417 0.00004425 0.00000022 0.00000177
  0.         0.9981256  0.00004207 0.00177208]
 [0.00011298 0.00395833 0.00020635 0.00959429 0.6789447  0.00328398
  0.00011147 0.08413726 0.00938259 0.21026795]
 [0.00061619 0.93745    0.00165217 0.01689102 0.00158173 0.0026215
  0.00106273 0.02700475 0.00515716 0.00596273]
 [0.00011092 0.9796062  0.00133217 0.00415357 0.00100918 0.00013549
  0.00006717 0.01051555 0.0014555  0.0016142 ]
 [0.00000901 0.00001098 0.00032556 0.0004092  0.00000128 0.00001784
  0.00000001 0.9749119  0.00131821 0.02299602]
 [0.00015968 0.00000429 0.00003215 0.0006238  0.00010347 0.92160994
  0.05667555 0.00000041 0.02061541 0.00017528]
 [0.00129607 0.00048993 0.97036517 0.00189077 0.01113172 0.00368183
  0.00771239 0.00041283 0.00217888 0.0008404 ]
 [0.00054855 0.6766891  0.00385856 0.10693768 0.00212752 0.18546464
  0.01092336 0.00088942 0.01160801 0.00095313]
 [0.00001502 0.00000867 0.00010472 0.99875224 0.00000029 0.00106287
  0.00000332 0.00000341 0.00004922 0.00000021]
 [0.00501154 0.00226565 0.00040918 0.00965512 0.00871382 0.7016958
  0.1916438  0.00001103 0.07858206 0.00201196]
 [0.00078142 0.00001095 0.00002753 0.00210129 0.00025529 0.00196756
  0.00000036 0.65878457 0.00012094 0.33595017]
 [0.00006894 0.00149711 0.9830888  0.00091872 0.00506643 0.00004619
  0.00925381 0.00000057 0.0000549  0.00000446]
 [0.00000005 0.00000012 0.0000028  0.00000093 0.99901295 0.00000055
  0.00000618 0.00002773 0.00001097 0.00093783]
 [0.85632545 0.00000028 0.1302867  0.00228768 0.00000003 0.01091082
  0.00000119 0.00000716 0.00012358 0.00005706]
 [0.00043116 0.00000005 0.000002   0.00000148 0.00000047 0.90740687
  0.00001076 0.00001424 0.0921235  0.00000954]
 [0.00405897 0.00006999 0.01544699 0.00009253 0.00212994 0.0063064
  0.9717613  0.00000191 0.00011884 0.00001308]
 [0.0185884  0.00376561 0.0140659  0.04320543 0.19848189 0.00822309
  0.68610173 0.00478781 0.01207783 0.0107023 ]
 [0.00031291 0.41611347 0.05177309 0.04824862 0.00072468 0.00149131
  0.00024236 0.43826616 0.01385447 0.02897301]
 [0.99243176 0.00000073 0.00189344 0.00010585 0.00000532 0.00242599
  0.0031206  0.00001093 0.00000354 0.0000018 ]
 [0.00003338 0.00000299 0.9990669  0.00054314 0.00000217 0.00000675
  0.00008657 0.         0.0002581  0.0000001 ]
 [0.9995714  0.00000001 0.00008006 0.00000103 0.00000011 0.00030034
  0.00004644 0.00000018 0.00000026 0.00000008]
 [0.00017651 0.00164594 0.00325649 0.00045104 0.7731734  0.00577423
  0.0042789  0.00089458 0.00427159 0.2060773 ]
 [0.00049943 0.00002397 0.00055274 0.00021443 0.0002603  0.01623278
  0.0000451  0.00036972 0.9790743  0.00272713]
 [0.00005425 0.00265502 0.00124325 0.06667155 0.00021289 0.00017226
  0.00000076 0.8785153  0.00055746 0.04991724]
 [0.00020709 0.00120805 0.00050077 0.00819639 0.00055588 0.9836404
  0.00012684 0.00024647 0.00491147 0.00040665]
